id,nombre,total,nacidos_en_espana,en_la_misma_comunidad_autonoma,misma_comunidad_autonoma_misma_provincia,misma_comunidad_autonoma_misma_provincia_mismo_municipio,misma_comunidad_autonoma_misma_provincia_distinto_municipio,misma_comunidad_autonoma_distinta_provincia,en_distinta_comunidad_autonoma,nacidos_en_el_extranjero
17001,Agullana,841,697,608,515,267,248,93,89,144
17002,Aiguaviva,767,731,662,603,188,415,59,69,36
17003,Albanyà,139,123,110,74,16,58,36,13,16
17004,Albons,765,647,592,454,234,220,138,55,118
17006,Alp,1559,1321,1153,546,330,216,607,168,238
17007,Amer,2256,2051,1861,1649,1102,547,212,190,205
17008,Anglès,5519,4378,3977,3632,2113,1519,345,401,1141
17009,Arbúcies,6515,5052,4622,3443,2815,628,1179,430,1463
17010,Argelaguer,423,391,353,263,116,147,90,38,32
17011,"Armentera, L'",937,786,739,601,356,245,138,47,151
17012,Avinyonet de Puigventós,1604,1487,1264,1109,263,846,155,223,117
17015,Banyoles,19615,15660,14308,12622,7867,4755,1686,1352,3955
17016,Bàscara,1000,872,794,685,349,336,109,78,128
17013,Begur,3934,3178,2542,1957,947,1010,585,636,756
17018,Bellcaire d'Empordà,671,598,532,438,213,225,94,66,73
17019,Besalú,2467,2150,1929,1683,829,854,246,221,317
17020,Bescanó,4941,4632,4241,3903,1598,2305,338,391,309
17021,Beuda,187,154,145,95,36,59,50,9,33
17022,"Bisbal d'Empordà, La",10859,8514,7283,6460,4206,2254,823,1231,2345
17234,Biure,238,210,185,159,81,78,26,25,28
17023,Blanes,38790,31471,23719,15796,12862,2934,7923,7752,7319
17029,Boadella i les Escaules,269,238,218,174,80,94,44,20,31
17024,Bolvir,383,331,308,145,86,59,163,23,52
17025,Bordils,1701,1416,1278,1161,463,698,117,138,285
17026,Borrassà,702,657,600,545,258,287,55,57,45
17027,Breda,3733,3384,2943,1957,1389,568,986,441,349
17028,Brunyola,369,347,329,284,155,129,45,18,22
17031,Cabanelles,273,219,199,140,71,69,59,20,54
17030,Cabanes,944,759,651,587,265,322,64,108,185
17032,Cadaqués,2752,1888,1555,1182,993,189,373,333,864
17033,Caldes de Malavella,7458,6701,5560,3801,1673,2128,1759,1141,757
17034,Calonge,10897,8247,6836,4935,2279,2656,1901,1411,2650
17035,Camós,690,652,618,579,216,363,39,34,38
17036,Campdevànol,3204,3071,2610,2020,1379,641,590,461,133
17037,Campelles,133,120,112,71,37,34,41,8,13
17038,Campllong,535,499,475,435,150,285,40,24,36
17039,Camprodon,2261,1968,1759,1249,901,348,510,209,293
17040,Canet d'Adri,708,660,615,544,248,296,71,45,48
17041,Cantallops,313,255,234,202,113,89,32,21,58
17042,Capmany,613,486,427,342,165,177,85,59,127
17044,Cassà de la Selva,10359,8533,7566,6803,3829,2974,763,967,1826
17046,Castellfollit de la Roca,956,830,749,662,371,291,87,81,126
17047,Castelló d'Empúries,10820,6039,4887,4023,2335,1688,864,1152,4781
17048,Castell,10585,7002,5378,3740,1816,1924,1638,1624,3583
17189,"Cellera de Ter, La",1976,1778,1625,1513,841,672,112,153,198
17049,Celrà,5390,4205,3724,3221,1419,1802,503,481,1185
17050,Cervià de Ter,948,830,762,653,307,346,109,68,118
17051,Cistella,300,262,246,198,94,104,48,16,38
17054,Colera,465,377,308,219,70,149,89,69,88
17055,Colomers,176,163,153,124,57,67,29,10,13
17057,Corçà,1253,1155,1046,889,382,507,157,109,98
17056,Cornellà del Terri,2322,2110,1978,1827,789,1038,151,132,212
17058,Crespià,251,209,197,149,60,89,48,12,42
17901,"Cruïlles, Monells i Sant Sadurní de l'Heura",1274,1141,992,787,344,443,205,149,133
17060,Darnius,557,469,387,318,157,161,69,82,88
17061,Das,227,210,196,102,54,48,94,14,17
17062,"Escala, L'",10417,6885,5566,4228,2765,1463,1338,1319,3532
17063,Espinelves,206,197,186,72,48,24,114,11,9
17064,Espolla,425,363,321,253,135,118,68,42,62
17065,Esponellà,433,405,372,305,159,146,67,33,28
17005,"Far d'Empordà, El",576,539,475,438,138,300,37,64,37
17066,Figueres,46381,32382,26047,22873,17451,5422,3174,6335,13999
17067,Flaçà,1081,851,767,694,325,369,73,84,230
17068,Foixà,305,280,267,212,106,106,55,13,25
17069,Fontanals de Cerdanya,455,414,366,189,96,93,177,48,41
17070,Fontanilles,138,120,115,100,55,45,15,5,18
17071,Fontcoberta,1474,1401,1304,1180,365,815,124,97,73
17902,Forallac,1713,1551,1401,1196,506,690,205,150,162
17073,Fornells de la Selva,2649,2508,2310,2004,594,1410,306,198,141
17074,Fortià,732,627,531,475,185,290,56,96,105
17075,Garrigàs,439,395,374,319,108,211,55,21,44
17076,Garrigoles,175,156,150,102,55,47,48,6,19
17077,Garriguella,840,666,594,488,268,220,106,72,174
17078,Ger,429,391,366,205,131,74,161,25,38
17079,Girona,100266,77722,64829,54771,39866,14905,10058,12893,22544
17080,Gombrèn,186,169,155,101,70,31,54,14,17
17081,Gualta,392,301,282,226,118,108,56,19,91
17082,Guils de Cerdanya,529,462,412,214,94,120,198,50,67
17083,Hostalric,4139,3608,3003,1759,1187,572,1244,605,531
17084,Isòvol,278,263,246,107,70,37,139,17,15
17085,Jafre,390,338,322,264,131,133,58,16,52
17086,"Jonquera, La",3233,1926,1405,1279,891,388,126,521,1307
17087,Juià,335,298,274,234,74,160,40,24,37
17088,Lladó,787,707,667,585,290,295,82,40,80
17089,Llagostera,8297,6849,5898,4779,2776,2003,1119,951,1448
17090,Llambilles,693,661,612,553,166,387,59,49,32
17091,Llanars,514,466,449,307,185,122,142,17,48
17092,Llançà,4868,4052,3251,2588,1638,950,663,801,816
17093,Llers,1239,1087,949,848,277,571,101,138,152
17094,Llívia,1428,1190,1042,518,282,236,524,148,238
17095,Lloret de Mar,37350,22891,16108,11189,8014,3175,4919,6783,14459
17096,"Llosses, Les",219,202,193,89,53,36,104,9,17
17102,Maçanet de Cabrenys,681,603,536,428,288,140,108,67,78
17103,Maçanet de la Selva,6919,6061,4761,2309,1444,865,2452,1300,858
17097,Madremanya,282,254,243,196,87,109,47,11,28
17098,Maià de Montcal,413,357,330,249,95,154,81,27,56
17100,Masarac,272,226,216,180,90,90,36,10,46
17101,Massanes,730,670,572,322,188,134,250,98,60
17099,Meranges,98,89,86,44,35,9,42,3,9
17105,Mieres,312,283,260,180,100,80,80,23,29
17106,Mollet de Peralada,190,169,151,133,66,67,18,18,21
17107,Molló,328,306,295,214,143,71,81,11,22
17109,Montagut i Oix,899,824,775,659,350,309,116,49,75
17110,Mont,1691,1501,1197,1069,436,633,128,304,190
17111,Navata,1313,1124,1045,844,337,507,201,79,189
17112,Ogassa,226,218,197,148,96,52,49,21,8
17114,Olot,34486,26744,23323,20648,14455,6193,2675,3421,7742
17115,Ordis,382,336,309,273,139,134,36,27,46
17116,Osor,416,384,359,276,162,114,83,25,32
17117,Palafrugell,22860,17213,13967,11993,8880,3113,1974,3246,5647
17118,Palamós,17898,14711,11701,9353,6535,2818,2348,3010,3187
17119,Palau de Santa Eulàlia,95,87,82,49,19,30,33,5,8
17121,Palau,295,252,245,208,109,99,37,7,43
17120,Palau,1439,1019,900,767,356,411,133,119,420
17123,Palol de Revardit,467,431,398,361,135,226,37,33,36
17124,Pals,2461,1858,1646,1356,819,537,290,212,603
17125,Pardines,162,157,149,108,81,27,41,8,5
17126,Parlavà,394,372,361,300,152,148,61,11,22
17128,Pau,547,379,356,305,135,170,51,23,168
17129,Pedret i Marzà,195,167,151,135,57,78,16,16,28
17130,"Pera, La",447,398,377,311,182,129,66,21,49
17132,Peralada,1868,1592,1446,1203,564,639,243,146,276
17133,"Planes d'Hostoles, Les",1660,1483,1419,1238,843,395,181,64,177
17134,Planoles,303,272,252,123,83,40,129,20,31
17135,Pont de Molins,530,455,385,345,59,286,40,70,75
17136,Pontós,247,215,195,139,58,81,56,20,32
17137,Porqueres,4595,4268,3935,3654,1303,2351,281,333,327
17140,"Port de la Selva, El",980,743,627,462,304,158,165,116,237
17138,Portbou,1077,915,643,556,389,167,87,272,162
17139,"Preses, Les",1763,1675,1561,1396,552,844,165,114,88
17141,Puigcerdà,8981,6729,5233,3541,3078,463,1692,1496,2252
17142,Quart,3640,3407,2997,2699,770,1929,298,410,233
17043,Queralbs,186,177,165,100,83,17,65,12,9
17143,Rabós,179,151,141,115,44,71,26,10,28
17144,Regencós,276,242,224,192,95,97,32,18,34
17145,Ribes de Freser,1766,1621,1391,974,725,249,417,230,145
17146,Riells i Viabrea,4002,3665,3044,771,508,263,2273,621,337
17147,Ripoll,10632,9262,7699,5733,4156,1577,1966,1563,1370
17148,Riudarenes,2181,1871,1603,1035,545,490,568,268,310
17149,Riudaura,462,443,424,331,154,177,93,19,19
17150,Riudellots de la Selva,2059,1754,1574,1465,682,783,109,180,305
17151,Riumors,263,220,208,172,64,108,36,12,43
17152,Roses,19319,13076,9627,8148,5969,2179,1479,3449,6243
17153,Rupià,269,226,218,149,72,77,69,8,43
17154,Sales de Llierca,151,120,110,70,31,39,40,10,31
17155,Salt,30622,18981,15338,13888,6281,7607,1450,3643,11641
17157,Sant Andreu Salou,156,149,140,124,55,69,16,9,7
17183,Sant Aniol de Finestres,351,307,295,234,105,129,61,12,44
17158,Sant Climent Sescebes,635,527,395,328,160,168,67,132,108
17159,Sant Feliu de Buixalleu,804,746,686,406,225,181,280,60,58
17160,Sant Feliu de Guíxols,21824,17322,13611,11093,7737,3356,2518,3711,4502
17161,Sant Feliu de Pallerols,1343,1198,1148,924,652,272,224,50,145
17162,Sant Ferriol,245,210,188,136,50,86,52,22,35
17163,Sant Gregori,3740,3543,3300,2914,1132,1782,386,243,197
17164,Sant Hilari Sacalm,5591,4755,4110,3303,2610,693,807,645,836
17165,Sant Jaume de Llierca,840,734,680,599,312,287,81,54,106
17167,Sant Joan de les Abadesses,3224,2974,2652,2048,1498,550,604,322,250
17168,Sant Joan de Mollet,502,462,424,386,115,271,38,38,40
17185,Sant Joan les Fonts,2966,2646,2374,2156,993,1163,218,272,320
17166,Sant Jordi Desvalls,731,649,603,506,246,260,97,46,82
17169,Sant Julià de Ramis,3461,3143,2649,2363,663,1700,286,494,318
17903,Sant Julià del Llor i Bonmatí,1275,1102,995,910,190,720,85,107,173
17171,Sant Llorenç de la Muga,251,195,177,129,52,77,48,18,56
17172,Sant Martí de Llémena,626,561,526,424,130,294,102,35,65
17173,Sant Martí Vell,249,207,184,158,66,92,26,23,42
17174,Sant Miquel de Campmajor,228,217,207,162,88,74,45,10,11
17175,Sant Miquel de Fluvià,746,644,500,392,168,224,108,144,102
17176,Sant Mori,177,133,122,87,43,44,35,11,44
17177,Sant Pau de Segúries,707,659,631,467,232,235,164,28,48
17178,Sant Pere Pescador,2039,1260,1101,922,578,344,179,159,779
17180,Santa Coloma de Farners,12894,10373,8999,7198,4610,2588,1801,1374,2521
17181,Santa Cristina d'Aro,5203,4108,3466,2642,1016,1626,824,642,1095
17182,Santa Llogaia d'Àlguema,363,341,268,252,58,194,16,73,22
17184,Santa Pau,1573,1507,1427,1233,647,586,194,80,66
17186,Sarrià de Ter,5114,4570,3729,3445,912,2533,284,841,544
17187,"Saus, Camallera i Llampaies",848,735,668,519,264,255,149,67,113
17188,"Selva de Mar, La",187,169,146,88,53,35,58,23,18
17190,Serinyà,1108,1019,928,794,367,427,134,91,89
17191,Serra de Daró,210,179,173,144,77,67,29,6,31
17192,Setcases,168,149,142,106,68,38,36,7,19
17193,Sils,5969,5244,4312,2818,1314,1504,1494,932,725
17052,Siurana,162,147,134,116,63,53,18,13,15
17194,Susqueda,97,84,80,52,21,31,28,4,13
17195,"Tallada d'Empordà, La",459,409,383,297,142,155,86,26,50
17196,Terrades,314,281,253,206,84,122,47,28,33
17197,Torrent,165,149,130,108,60,48,22,19,16
17198,Torroella de Fluvià,723,521,466,369,116,253,97,55,202
17199,Torroella de Montgrí,11537,8287,6968,5845,3825,2020,1123,1319,3250
17200,Tortellà,801,713,665,504,261,243,161,48,88
17201,Toses,165,157,152,73,44,29,79,5,8
17202,Tossa de Mar,5584,4239,3203,2234,1827,407,969,1036,1345
17204,Ullà,1139,742,633,535,238,297,98,109,397
17205,Ullastret,286,258,243,211,115,96,32,15,28
17203,Ultramort,214,198,184,151,68,83,33,14,16
17206,Urús,178,157,141,53,30,23,88,16,21
17014,"Vajol, La",85,66,56,41,11,30,15,10,19
17208,"Vall de Bianya, La",1286,1200,1132,973,439,534,159,68,86
17207,"Vall d'en Bas, La",3029,2914,2800,2407,1466,941,393,114,115
17170,Vallfogona de Ripollès,212,199,189,128,93,35,61,10,13
17209,Vall,912,817,725,626,158,468,99,92,95
17210,Ventalló,854,680,635,472,247,225,163,45,174
17211,Verges,1189,1014,922,836,480,356,86,92,175
17212,Vidrà,173,168,165,72,64,8,93,3,5
17213,Vidreres,7740,6615,5428,3357,1971,1386,2071,1187,1125
17214,Vilabertran,951,878,803,739,306,433,64,75,73
17215,Vilablareix,2789,2706,2372,2146,487,1659,226,334,83
17217,Viladamat,466,411,391,327,156,171,64,20,55
17216,Viladasens,204,187,182,157,85,72,25,5,17
17218,Vilademuls,823,689,656,506,265,241,150,33,134
17220,Viladrau,1026,934,860,365,315,50,495,74,92
17221,Vilafant,5443,5052,4001,3654,840,2814,347,1051,391
17223,Vilajuïga,1112,961,830,710,325,385,120,131,151
17224,Vilallonga de Ter,404,343,330,220,154,66,110,13,61
17225,Vilamacolum,312,243,227,201,105,96,26,16,69
17226,Vilamalla,1157,1070,814,733,151,582,81,256,87
17227,Vilamaniscle,208,164,153,115,45,70,38,11,44
17228,Vilanant,399,354,332,277,105,172,55,22,45
17230,Vila,709,592,504,463,149,314,41,88,117
17222,Vilaür,147,129,127,103,47,56,24,2,18
17233,Vilobí d'Onyar,3196,2835,2544,2276,1123,1153,268,291,361
17232,Vilopriu,205,177,165,114,60,54,51,12,28
08001,Abrera,12334,11116,8404,8216,2394,5822,188,2712,1218
08002,Aguilar de Segarra,277,272,260,253,107,146,7,12,5
08014,Aiguafreda,2501,2330,2014,1955,683,1272,59,316,171
08003,Alella,9764,8588,7378,7152,1598,5554,226,1210,1176
08004,Alpens,273,255,249,229,112,117,20,6,18
08005,"Ametlla del Vallès, L'",8496,7698,6709,6556,1630,4926,153,989,798
08006,Arenys de Mar,15533,13255,10933,10492,4712,5780,441,2322,2278
08007,Arenys de Munt,8838,8095,7134,6947,2969,3978,187,961,743
08008,Argençola,219,203,193,172,48,124,21,10,16
08009,Argentona,12295,11434,9664,9427,2982,6445,237,1770,861
08010,Artés,5648,5112,4434,4321,2236,2085,113,678,536
08011,Avià,2250,2128,2037,1893,824,1069,144,91,122
08012,Avinyó,2250,2029,1841,1800,1019,781,41,188,221
08013,Avinyonet del Penedès,1669,1470,1285,1245,446,799,40,185,199
08015,Badalona,217741,182489,137501,135502,75041,60461,1999,44988,35252
08904,Badia del Vallès,13417,12361,8515,8364,1688,6676,151,3846,1056
08016,Bagà,2152,2054,1730,1677,868,809,53,324,98
08017,Balenyà,3783,3396,2906,2839,970,1869,67,490,387
08018,Balsareny,3205,2989,2435,2385,1409,976,50,554,216
08252,Barberà del Vallès,32839,29792,21964,21486,5988,15498,478,7828,3047
08019,Barcelona,1620343,1227613,950741,904603,830655,73948,46138,276872,392730
08020,Begues,6961,6355,5434,5285,1334,3951,149,921,606
08021,Bellprat,74,70,66,59,25,34,7,4,4
08022,Berga,16199,13873,12190,11649,6992,4657,541,1683,2326
08023,Bigues i Riells,9003,8491,7098,6948,1669,5279,150,1393,512
08024,Borredà,456,403,380,345,162,183,35,23,53
08025,"Bruc, El",2027,1857,1637,1611,449,1162,26,220,170
08026,"Brull, El",257,240,233,228,58,170,5,7,17
08027,"Cabanyes, Les",965,921,824,795,239,556,29,97,44
08028,Cabrera d'Anoia,1376,1253,1001,977,76,901,24,252,123
08029,Cabrera de Mar,4664,4239,3715,3628,897,2731,87,524,425
08030,Cabrils,7348,6349,5719,5583,1008,4575,136,630,999
08031,Calaf,3547,2797,2429,2156,1152,1004,273,368,750
08034,Calders,946,910,814,794,245,549,20,96,36
08033,Caldes de Montbui,17449,15445,12572,12245,4965,7280,327,2873,2004
08032,Caldes d'Estrac,2859,2291,1939,1870,461,1409,69,352,568
08035,Calella,18728,14339,11520,10942,5859,5083,578,2819,4389
08037,Calldetenes,2497,2320,2138,2053,546,1507,85,182,177
08038,Callús,2095,1895,1661,1606,722,884,55,234,200
08036,Calonge de Segarra,191,188,184,165,98,67,19,4,3
08039,Campins,515,467,436,411,95,316,25,31,48
08040,Canet de Mar,14583,12841,10665,10301,4548,5753,364,2176,1742
08041,Canovelles,16317,12364,8662,8349,2359,5990,313,3702,3953
08042,Cànoves i Samalús,2995,2787,2215,2170,425,1745,45,572,208
08043,Canyelles,4481,3991,3149,3068,583,2485,81,842,490
08044,Capellades,5211,4810,3867,3769,1458,2311,98,943,401
08045,Capolat,96,94,93,87,23,64,6,1,2
08046,Cardedeu,18165,16385,13900,13458,4746,8712,442,2485,1780
08047,Cardona,4652,4391,3904,3648,3060,588,256,487,261
08048,Carme,783,692,626,610,240,370,16,66,91
08049,Casserres,1572,1519,1439,1369,678,691,70,80,53
08057,Castell de l'Areny,72,70,69,68,11,57,1,1,2
08052,Castellar de n'Hug,165,156,148,143,73,70,5,8,9
08050,Castellar del Riu,165,160,151,143,18,125,8,9,5
08051,Castellar del Vallès,24036,22475,18736,18290,6572,11718,446,3739,1561
08053,Castellbell i el Vilar,3599,3362,2760,2693,1185,1508,67,602,237
08054,Castellbisbal,12332,11416,9142,8988,3002,5986,154,2274,916
08055,Castellcir,728,666,597,585,129,456,12,69,62
08056,Castelldefels,66375,49373,36916,35874,10926,24948,1042,12457,17002
08058,Castellet i la Gornal,2247,2064,1645,1432,479,953,213,419,183
08060,Castellfollit de Riubregós,156,153,149,130,81,49,19,4,3
08059,Castellfollit del Boix,446,427,386,377,159,218,9,41,19
08061,Castellgalí,2053,1950,1583,1536,385,1151,47,367,103
08062,Castellnou de Bages,1319,1266,1103,1075,179,896,28,163,53
08063,Castellolí,610,579,560,544,178,366,16,19,31
08064,Castellterçol,2418,2170,1955,1920,877,1043,35,215,248
08065,Castellví de la Marca,1534,1417,1280,1211,575,636,69,137,117
08066,Castellví de Rosanes,1865,1722,1400,1358,285,1073,42,322,143
08067,Centelles,7423,6895,6025,5897,2370,3527,128,870,528
08268,Cercs,1152,1101,909,890,451,439,19,192,51
08266,Cerdanyola del Vallès,57740,50422,37115,36072,10033,26039,1043,13307,7318
08068,Cervelló,8970,8170,6566,6422,1433,4989,144,1604,800
08069,Collbató,4458,4176,3604,3499,573,2926,105,572,282
08070,Collsuspina,339,328,310,300,104,196,10,18,11
08071,Copons,306,299,270,258,70,188,12,29,7
08072,Corbera de Llobregat,14643,12736,10547,10321,2744,7577,226,2189,1907
08073,Cornellà de Llobregat,87173,70340,47337,46399,16631,29768,938,23003,16833
08074,Cubelles,14992,12970,10116,9733,2182,7551,383,2854,2022
08075,Dosrius,5281,4875,4052,3963,765,3198,89,823,406
08076,Esparreguera,22045,19756,15530,15142,5385,9757,388,4226,2289
08077,Esplugues de Llobregat,46355,38284,26248,25418,8777,16641,830,12036,8071
08078,"Espunyola, L'",258,252,247,219,102,117,28,5,6
08254,"Esquirol, L'",2141,2019,1930,1858,813,1045,72,89,122
08079,"Estany, L'",393,382,353,343,154,189,10,29,11
08134,Figaró,1109,943,790,778,242,536,12,153,166
08080,Fígols,42,40,38,37,12,25,1,2,2
08082,Fogars de la Selva,1467,1358,1040,932,215,717,108,318,109
08081,Fogars de Montclús,466,436,415,399,126,273,16,21,30
08083,Folgueroles,2276,2198,2110,2018,662,1356,92,88,78
08084,Fonollosa,1439,1367,1191,1156,362,794,35,176,72
08085,Font,1354,1203,1121,1092,514,578,29,82,151
08086,"Franqueses del Vallès, Les",19768,17008,13399,13044,3829,9215,355,3609,2760
08090,Gaià,167,155,150,145,45,100,5,5,12
08087,Gallifa,169,156,144,142,43,99,2,12,13
08088,"Garriga, La",16227,14445,12130,11746,4778,6968,384,2315,1782
08089,Gavà,46705,40034,29968,29328,11594,17734,640,10066,6671
08091,Gelida,7371,6537,5446,5319,2206,3113,127,1091,834
08092,Gironella,4834,4317,3785,3670,2158,1512,115,532,517
08093,Gisclareny,26,26,24,22,3,19,2,2,0
08094,"Granada, La",2130,1924,1697,1645,649,996,52,227,206
08095,Granera,80,76,69,68,12,56,1,7,4
08096,Granollers,60981,48717,36869,35598,22066,13532,1271,11848,12264
08097,Gualba,1481,1374,1210,1132,281,851,78,164,107
08099,Guardiola de Berguedà,887,807,686,656,303,353,30,121,80
08100,Gurb,2654,2542,2404,2333,536,1797,71,138,112
08101,"Hospitalet de Llobregat, L'",261068,184540,125020,122241,46754,75487,2779,59520,76528
08162,"Hostalets de Pierola, Els",2930,2630,2277,2235,499,1736,42,353,300
08102,Igualada,39540,33837,28291,26748,20015,6733,1543,5546,5703
08103,Jorba,841,793,712,677,154,523,35,81,48
08104,"Llacuna, La",863,751,694,673,299,374,21,57,112
08105,"Llagosta, La",13367,11278,7797,7680,2353,5327,117,3481,2089
08107,Lliçà d'Amunt,15111,14344,11249,11050,2577,8473,199,3095,767
08108,Lliçà de Vall,6480,6159,4727,4615,1052,3563,112,1432,321
08106,Llinars del Vallès,9838,8719,6921,6701,2373,4328,220,1798,1119
08109,Lluçà,276,263,252,243,88,155,9,11,13
08110,Malgrat de Mar,18439,15709,12161,11264,5513,5751,897,3548,2730
08111,Malla,271,256,252,246,56,190,6,4,15
08112,Manlleu,20194,15768,13317,12801,6496,6305,516,2451,4426
08113,Manresa,76250,61431,51322,49246,36079,13167,2076,10109,14819
08242,Marganell,258,241,209,204,62,142,5,32,17
08114,Martorell,27850,22296,17247,16807,8389,8418,440,5049,5554
08115,Martorelles,4794,4447,3366,3315,903,2412,51,1081,347
08116,"Masies de Roda, Les",704,664,617,598,134,464,19,47,40
08117,"Masies de Voltregà, Les",3124,2962,2592,2484,811,1673,108,370,162
08118,"Masnou, El",23340,20413,16872,16437,5050,11387,435,3541,2927
08119,Masquefa,8641,8031,6570,6457,1642,4815,113,1461,610
08120,Matadepera,9291,8775,8162,7977,1649,6328,185,613,516
08121,Mataró,126988,105016,80107,78089,56367,21722,2018,24909,21972
08122,Mediona,2331,2103,1785,1721,495,1226,64,318,228
08138,Moià,6190,5303,4677,4565,2147,2418,112,626,887
08123,Molins de Rei,25687,23508,19446,18931,7994,10937,515,4062,2179
08124,Mollet del Vallès,51133,43338,31686,31057,15688,15369,629,11652,7795
08128,Monistrol de Calders,677,652,563,553,282,271,10,89,25
08127,Monistrol de Montserrat,2955,2619,2163,2111,1003,1108,52,456,336
08125,Montcada i Reixac,35599,30329,23448,23022,8415,14607,426,6881,5270
08130,Montclar,129,127,126,111,62,49,15,1,2
08131,Montesquiu,968,871,751,668,224,444,83,120,97
08126,Montgat,11819,10678,8788,8608,2144,6464,180,1890,1141
08132,Montmajor,465,435,416,358,227,131,58,19,30
08133,Montmaneu,154,132,126,101,62,39,25,6,22
08135,Montmeló,8784,7895,5536,5406,1936,3470,130,2359,889
08136,Montornès del Vallès,16263,14140,10251,10091,3694,6397,160,3889,2123
08137,Montseny,321,302,284,268,128,140,16,18,19
08129,Muntanyola,620,586,539,520,72,448,19,47,34
08139,Mura,223,213,196,193,68,125,3,17,10
08140,Navarcles,5966,5565,4555,4441,2213,2228,114,1010,401
08141,Navàs,6023,5468,4724,4569,2391,2178,155,744,555
08142,"Nou de Berguedà, La",160,154,145,143,65,78,2,9,6
08143,Òdena,3608,3406,2813,2728,555,2173,85,593,202
08145,Olèrdola,3611,3282,2791,2692,764,1928,99,491,329
08146,Olesa de Bonesvalls,1787,1647,1335,1314,328,986,21,312,140
08147,Olesa de Montserrat,23779,21154,16997,16686,7154,9532,311,4157,2625
08148,Olivella,3729,2911,2291,2228,416,1812,63,620,818
08149,Olost,1188,1124,1041,1004,357,647,37,83,64
08144,Olvan,837,801,741,711,271,440,30,60,36
08150,Orís,310,295,281,270,37,233,11,14,15
08151,Oristà,537,514,502,493,251,242,9,12,23
08152,Orpí,136,131,119,116,44,72,3,12,5
08153,Òrrius,730,704,637,619,157,462,18,67,26
08154,Pacs del Penedès,908,835,699,672,177,495,27,136,73
08155,Palafolls,9256,8551,7034,6024,2304,3720,1010,1517,705
08156,Palau,14636,13443,10952,10734,2792,7942,218,2491,1193
08157,Pallejà,11486,10506,8328,8172,2281,5891,156,2178,980
08905,"Palma de Cervelló, La",2982,2720,2325,2271,360,1911,54,395,262
08158,"Papiol, El",4103,3707,3011,2939,1039,1900,72,696,396
08159,Parets del Vallès,19041,17456,13710,13444,3980,9464,266,3746,1585
08160,Perafita,412,370,357,331,94,237,26,13,42
08161,Piera,15362,13982,11203,10974,2843,8131,229,2779,1380
08163,Pineda de Mar,26659,21816,15973,15202,5705,9497,771,5843,4843
08164,"Pla del Penedès, El",1259,1159,1054,1030,446,584,24,105,100
08165,"Pobla de Claramunt, La",2177,2057,1710,1671,514,1157,39,347,120
08166,"Pobla de Lillet, La",1101,1047,899,851,545,306,48,148,54
08167,Polinyà,8389,7742,6317,6197,1656,4541,120,1425,647
08182,"Pont de Vilomara i Rocafort, El",3801,3547,2813,2760,1268,1492,53,734,254
08168,Pontons,458,397,341,326,65,261,15,56,61
08169,"Prat de Llobregat, El",64132,56540,40449,39683,15766,23917,766,16091,7592
08171,Prats de Lluçanès,2537,2352,2166,2118,939,1179,48,186,185
08170,"Prats de Rei, Els",545,529,488,461,219,242,27,41,16
08230,Premià de Dalt,10429,9266,7465,7273,1884,5389,192,1801,1163
08172,Premià de Mar,28071,23586,18516,18010,6309,11701,506,5070,4485
08174,Puigdàlber,518,493,435,423,147,276,12,58,25
08175,Puig,4094,3775,3278,3175,1894,1281,103,497,319
08176,Pujalt,207,193,190,164,102,62,26,3,14
08177,"Quar, La",60,54,50,45,7,38,5,4,6
08178,Rajadell,539,520,459,449,111,338,10,61,19
08179,Rellinars,747,710,620,612,107,505,8,90,37
08180,Ripollet,38347,32891,24553,24146,7826,16320,407,8338,5456
08181,"Roca del Vallès, La",10666,9939,8116,7898,2547,5351,218,1823,727
08183,Roda de Ter,6197,5525,4861,4694,1802,2892,167,664,672
08184,Rubí,76423,63891,47942,46813,14606,32207,1129,15949,12532
08185,Rubió,232,221,198,191,50,141,7,23,11
08901,Rupit i Pruit,279,254,246,221,124,97,25,8,25
08187,Sabadell,211734,181780,141157,136967,105090,31877,4190,40623,29954
08188,Sagàs,161,159,155,154,69,85,1,4,2
08190,Saldes,265,261,234,224,89,135,10,27,4
08191,Sallent,6636,6151,5114,5012,3475,1537,102,1037,485
08194,Sant Adrià de Besòs,36669,30629,23242,22915,4580,18335,327,7387,6040
08195,Sant Agustí de Lluçanès,87,85,82,75,18,57,7,3,2
08196,Sant Andreu de la Barca,27332,23826,17613,17226,5893,11333,387,6213,3506
08197,Sant Andreu de Llavaneres,10877,9392,8084,7870,2126,5744,214,1308,1485
08198,Sant Antoni de Vilamajor,6095,5578,4845,4711,1273,3438,134,733,517
08199,Sant Bartomeu del Grau,840,754,686,654,158,496,32,68,86
08200,Sant Boi de Llobregat,82904,73026,52633,51801,19444,32357,832,20393,9878
08201,Sant Boi de Lluçanès,532,489,444,425,140,285,19,45,43
08203,Sant Cebrià de Vallalta,3344,2982,2516,2453,630,1823,63,466,362
08202,Sant Celoni,17754,15187,12512,11703,5583,6120,809,2675,2567
08204,Sant Climent de Llobregat,4107,3923,3357,3313,1262,2051,44,566,184
08205,Sant Cugat del Vallès,90664,75228,64265,61457,13906,47551,2808,10963,15436
08206,Sant Cugat Sesgarrigues,989,906,785,765,308,457,20,121,83
08207,Sant Esteve de Palautordera,2749,2495,2333,2250,704,1546,83,162,254
08208,Sant Esteve Sesrovires,7800,7121,5694,5579,1301,4278,115,1427,679
08210,Sant Feliu de Codines,6184,5351,4724,4620,1823,2797,104,627,833
08211,Sant Feliu de Llobregat,44474,39667,29185,28504,10599,17905,681,10482,4807
08212,Sant Feliu Sasserra,600,571,543,535,278,257,8,28,29
08209,Sant Fost de Campsentelles,8722,8190,6278,6149,1038,5111,129,1912,532
08213,Sant Fruitós de Bages,8593,7985,6850,6647,2194,4453,203,1135,608
08215,Sant Hipòlit de Voltregà,3475,3123,2780,2685,1045,1640,95,343,352
08193,Sant Iscle de Vallalta,1313,1194,1069,1047,338,709,22,125,119
08216,Sant Jaume de Frontanyà,30,28,27,23,7,16,4,1,2
08218,Sant Joan de Vilatorrada,10820,9866,7904,7645,3500,4145,259,1962,954
08217,Sant Joan Despí,34084,30087,22037,21479,5775,15704,558,8050,3997
08903,Sant Julià de Cerdanyola,244,240,228,223,67,156,5,12,4
08220,Sant Julià de Vilatorta,3096,2950,2808,2714,769,1945,94,142,146
08221,Sant Just Desvern,17494,15029,12413,11804,2967,8837,609,2616,2465
08222,Sant Llorenç d'Hortons,2598,2403,2099,2042,622,1420,57,304,195
08223,Sant Llorenç Savall,2371,2191,1865,1821,682,1139,44,326,180
08225,Sant Martí d'Albars,113,112,111,107,24,83,4,1,1
08224,Sant Martí de Centelles,1131,986,834,813,202,611,21,152,145
08226,Sant Martí de Tous,1206,1168,1073,1024,412,612,49,95,38
08227,Sant Martí Sarroca,3231,2934,2631,2553,1089,1464,78,303,297
08228,Sant Martí Sesgueioles,344,337,311,293,138,155,18,26,7
08229,Sant Mateu de Bages,600,580,549,504,254,250,45,31,20
08231,Sant Pere de Ribes,30658,24876,19648,19000,5801,13199,648,5228,5782
08232,Sant Pere de Riudebitlles,2338,2210,1938,1902,928,974,36,272,128
08233,Sant Pere de Torelló,2419,2188,2015,1901,775,1126,114,173,231
08234,Sant Pere de Vilamajor,4371,4073,3473,3407,743,2664,66,600,298
08189,Sant Pere Sallavinera,155,152,143,124,66,58,19,9,3
08235,Sant Pol de Mar,5178,4454,3955,3810,1572,2238,145,499,724
08236,Sant Quintí de Mediona,2179,1902,1677,1645,690,955,32,225,277
08237,Sant Quirze de Besora,2107,1912,1711,1550,556,994,161,201,195
08238,Sant Quirze del Vallès,19939,18497,15830,15344,3427,11917,486,2667,1442
08239,Sant Quirze Safaja,637,594,546,534,103,431,12,48,43
08240,Sant Sadurní d'Anoia,12866,11562,9666,9337,4859,4478,329,1896,1304
08241,Sant Sadurní d'Osormort,79,77,71,67,10,57,4,6,2
08098,Sant Salvador de Guardiola,3168,2950,2441,2368,584,1784,73,509,218
08262,Sant Vicenç de Castellet,9274,8138,6539,6368,3167,3201,171,1599,1136
08264,Sant Vicenç de Montalt,6372,5477,4733,4589,921,3668,144,744,895
08265,Sant Vicenç de Torelló,2014,1902,1749,1660,542,1118,89,153,112
08263,Sant Vicenç dels Horts,27901,25231,19125,18833,6503,12330,292,6106,2670
08243,Santa Cecília de Voltregà,187,184,182,179,45,134,3,2,3
08244,Santa Coloma de Cervelló,8179,7699,6534,6403,1896,4507,131,1165,480
08245,Santa Coloma de Gramenet,118821,89073,59403,58637,28397,30240,766,29670,29748
08246,Santa Eugènia de Berga,2226,1939,1802,1749,423,1326,53,137,287
08247,Santa Eulàlia de Riuprimer,1309,1240,1151,1109,295,814,42,89,69
08248,Santa Eulàlia de Ronçana,7192,6732,5684,5566,1565,4001,118,1048,460
08249,Santa Fe del Penedès,379,342,319,308,124,184,11,23,37
08250,Santa Margarida de Montbui,9874,8786,6399,6150,1238,4912,249,2387,1088
08251,Santa Margarida i els Monjos,7503,6369,5139,4878,2015,2863,261,1230,1134
08253,Santa Maria de Besora,143,139,132,114,42,72,18,7,4
08256,Santa Maria de Martorelles,882,848,727,714,166,548,13,121,34
08255,Santa Maria de Merlès,183,179,174,168,58,110,6,5,4
08257,Santa Maria de Miralles,128,118,106,102,28,74,4,12,10
08259,Santa Maria de Palautordera,9325,8270,6958,6668,2272,4396,290,1312,1055
08258,Santa Maria d'Oló,1024,965,907,887,569,318,20,58,59
08260,Santa Perpètua de Mogoda,25705,22725,17525,17247,5050,12197,278,5200,2980
08261,Santa Susanna,3381,2876,2353,2227,546,1681,126,523,505
08192,Santpedor,7532,7111,6283,6068,2579,3489,215,828,421
08267,Sentmenat,8957,8293,6794,6628,2082,4546,166,1499,664
08269,Seva,3472,3255,2984,2904,757,2147,80,271,217
08270,Sitges,28969,21002,16849,16148,6121,10027,701,4153,7967
08271,Sobremunt,79,78,77,75,24,51,2,1,1
08272,Sora,205,195,184,176,50,126,8,11,10
08273,Subirats,3025,2840,2568,2509,1095,1414,59,272,185
08274,Súria,5895,5431,4402,4276,3156,1120,126,1029,464
08276,Tagamanent,333,294,252,248,46,202,4,42,39
08277,Talamanca,202,195,168,167,19,148,1,27,7
08278,Taradell,6412,5830,5437,5277,1887,3390,160,393,582
08275,Tavèrnoles,320,304,291,281,58,223,10,13,16
08280,Tavertet,111,100,91,89,23,66,2,9,11
08281,Teià,6312,5695,4871,4727,1311,3416,144,824,617
08279,Terrassa,218535,185074,146235,142686,108565,34121,3549,38839,33461
08282,Tiana,8709,8168,7184,7017,1747,5270,167,984,541
08283,Tona,8131,7315,6450,6272,2443,3829,178,865,816
08284,Tordera,16937,15060,12228,10626,4653,5973,1602,2832,1877
08285,Torelló,14172,12310,10556,10062,4405,5657,494,1754,1862
08286,"Torre de Claramunt, La",3716,3525,2777,2706,456,2250,71,748,191
08287,Torrelavit,1430,1322,1202,1177,478,699,25,120,108
08288,Torrelles de Foix,2281,1951,1552,1492,399,1093,60,399,330
08289,Torrelles de Llobregat,5945,5513,4797,4688,1311,3377,109,716,432
08290,Ullastrell,2069,1987,1838,1783,485,1298,55,149,82
08291,Vacarisses,6486,6083,5212,5137,917,4220,75,871,403
08292,Vallbona d'Anoia,1399,1257,1032,1015,347,668,17,225,142
08293,Vallcebre,246,242,228,222,103,119,6,14,4
08294,Vallgorguina,2854,2584,2304,2240,536,1704,64,280,270
08295,Vallirana,14877,13565,10672,10473,2965,7508,199,2893,1312
08296,Vallromanes,2530,2304,2060,2017,457,1560,43,244,226
08297,Veciana,170,162,149,139,55,84,10,13,8
08298,Vic,45040,32318,28342,27074,19530,7544,1268,3976,12722
08299,Vilada,430,422,396,377,193,184,19,26,8
08301,Viladecans,66168,59311,43306,42533,16681,25852,773,16005,6857
08300,Viladecavalls,7480,7139,5876,5740,816,4924,136,1263,341
08305,Vilafranca del Penedès,40055,32807,27017,25772,15723,10049,1245,5790,7248
08306,Vilalba Sasserra,688,630,559,533,140,393,26,71,58
08303,Vilanova de Sau,308,297,285,272,85,187,13,12,11
08302,Vilanova del Camí,12361,11370,8421,8157,1877,6280,264,2949,991
08902,Vilanova del Vallès,5339,5027,4351,4273,1068,3205,78,676,312
08307,Vilanova i la Geltrú,66274,56816,44148,41949,26596,15353,2199,12668,9458
08214,Vilassar de Dalt,9013,8326,7081,6931,2700,4231,150,1245,687
08219,Vilassar de Mar,20764,18635,15757,15306,4710,10596,451,2878,2129
08304,Vilobí del Penedès,1106,1016,951,916,369,547,35,65,90
08308,Viver i Serrateix,164,162,158,148,91,57,10,4,2
43001,Aiguamúrcia,893,809,688,431,231,200,257,121,84
43002,Albinyana,2371,2171,1704,858,440,418,846,467,200
43003,"Albiol, L'",464,431,355,300,20,280,55,76,33
43004,Alcanar,9402,7532,6555,5877,3957,1920,678,977,1870
43005,Alcover,5108,4481,3639,3316,1866,1450,323,842,627
43904,"Aldea, L'",4137,3363,3103,2925,566,2359,178,260,774
43006,Aldover,838,762,702,646,285,361,56,60,76
43007,"Aleixar, L'",864,762,681,636,239,397,45,81,102
43008,Alfara de Carles,368,343,312,294,94,200,18,31,25
43009,Alforja,1788,1630,1385,1232,467,765,153,245,158
43010,Alió,426,399,359,307,96,211,52,40,27
43011,Almoster,1342,1270,1130,1038,200,838,92,140,72
43012,Altafulla,5120,4422,3540,2094,937,1157,1446,882,698
43013,"Ametlla de Mar, L'",6801,5236,4470,3432,2512,920,1038,766,1565
43906,"Ampolla, L'",3280,2417,2082,1608,795,813,474,335,863
43014,Amposta,20606,17075,15390,14349,10195,4154,1041,1685,3531
43016,"Arboç, L'",5505,4322,3257,2149,1542,607,1108,1065,1183
43015,Arbolí,116,108,101,75,12,63,26,7,8
43017,"Argentera, L'",129,122,108,88,33,55,20,14,7
43018,Arnes,466,443,395,315,235,80,80,48,23
43019,Ascó,1674,1527,1318,1154,851,303,164,209,147
43020,Banyeres del Penedès,3128,2810,2145,1094,612,482,1051,665,318
43021,Barberà de la Conca,476,413,353,249,157,92,104,60,63
43022,Batea,1898,1701,1574,1503,1275,228,71,127,197
43023,Bellmunt del Priorat,300,259,230,187,120,67,43,29,41
43024,Bellvei,2190,1953,1575,837,456,381,738,378,237
43025,Benifallet,714,649,621,573,328,245,48,28,65
43026,Benissanet,1142,901,850,753,424,329,97,51,241
43027,"Bisbal de Falset, La",219,200,184,159,122,37,25,16,19
43028,"Bisbal del Penedès, La",3464,3195,2483,1124,762,362,1359,712,269
43029,Blancafort,379,355,339,249,187,62,90,16,24
43030,Bonastre,687,588,503,246,163,83,257,85,99
43031,"Borges del Camp, Les",2080,1834,1591,1429,510,919,162,243,246
43032,Bot,601,555,529,494,356,138,35,26,46
43033,Botarell,1070,954,829,691,272,419,138,125,116
43034,Bràfim,673,587,517,435,184,251,82,70,86
43035,Cabacés,305,283,267,232,174,58,35,16,22
43036,Cabra del Camp,1141,1007,812,464,235,229,348,195,134
43037,Calafell,25444,19992,15033,5308,3988,1320,9725,4959,5452
43903,Camarles,3278,2801,2680,2505,767,1738,175,121,477
43038,Cambrils,33362,26285,19347,15260,8463,6797,4087,6938,7077
43907,"Canonja, La",5842,5393,4046,3775,264,3511,271,1347,449
43039,Capafonts,96,96,88,73,23,50,15,8,0
43040,Capçanes,398,368,357,311,219,92,46,11,30
43041,Caseres,235,228,202,180,125,55,22,26,7
43042,Castellvell del Camp,2868,2717,2368,2136,259,1877,232,349,151
43043,"Catllar, El",4344,3901,3113,2685,559,2126,428,788,443
43045,Colldejou,170,157,147,133,42,91,14,10,13
43046,Conesa,103,99,95,55,41,14,40,4,4
43047,Constantí,6516,5207,3906,3558,1065,2493,348,1301,1309
43048,Corbera d'Ebre,1023,888,857,809,657,152,48,31,135
43049,Cornudella de Montsant,964,851,743,582,257,325,161,108,113
43050,Creixell,3526,2984,2205,835,417,418,1370,779,542
43051,Cunit,12326,10226,7199,1612,1262,350,5587,3027,2100
43901,Deltebre,11505,10391,9849,9313,1926,7387,536,542,1114
43053,Duesaigües,237,206,184,144,49,95,40,22,31
43054,"Espluga de Francolí, L'",3742,3302,2859,2401,1748,653,458,443,440
43055,Falset,2807,2368,2142,1926,1417,509,216,226,439
43056,"Fatarella, La",965,927,903,878,689,189,25,24,38
43057,"Febró, La",42,39,36,32,7,25,4,3,3
43058,"Figuera, La",104,95,88,61,28,33,27,7,9
43059,Figuerola del Camp,315,297,278,217,142,75,61,19,18
43060,Flix,3491,3089,2658,2355,1790,565,303,431,402
43061,Forès,42,41,38,26,12,14,12,3,1
43062,Freginals,369,299,271,241,139,102,30,28,70
43063,"Galera, La",719,611,547,499,335,164,48,64,108
43064,Gandesa,3009,2419,2225,2048,1250,798,177,194,590
43065,Garcia,525,438,394,346,252,94,48,44,87
43066,"Garidells, Els",201,193,161,133,53,80,28,32,8
43067,Ginestar,762,615,587,543,358,185,44,28,147
43068,Godall,591,548,510,467,311,156,43,38,43
43069,Gratallops,226,189,162,118,63,55,44,27,37
43070,"Guiamets, Els",270,261,250,224,137,87,26,11,9
43071,Horta de Sant Joan,1146,1032,957,859,578,281,98,75,114
43072,"Lloar, El",118,111,108,93,55,38,15,3,7
43073,Llorac,100,88,83,33,24,9,50,5,12
43074,Llorenç del Penedès,2327,2181,1833,1188,814,374,645,348,146
43076,Marçà,599,528,495,412,249,163,83,33,71
43075,Margalef,94,83,77,60,40,20,17,6,11
43077,Mas de Barberans,577,517,494,470,335,135,24,23,60
43078,Masdenverge,1066,965,866,791,369,422,75,99,101
43079,Masllorenç,498,427,383,269,196,73,114,44,71
43080,"Masó, La",276,268,249,231,116,115,18,19,8
43081,Maspujols,799,768,697,642,177,465,55,71,31
43082,"Masroig, El",498,415,393,331,219,112,62,22,83
43083,"Milà, El",183,177,150,130,50,80,20,27,6
43084,Miravet,706,615,579,481,297,184,98,36,91
43085,"Molar, El",281,249,230,190,140,50,40,19,32
43086,Montblanc,7384,6361,5447,4429,3021,1408,1018,914,1023
43088,Montbrió del Camp,2828,2519,2239,1924,817,1107,315,280,309
43089,Montferri,383,351,283,143,79,64,140,68,32
43090,"Montmell, El",1437,1320,988,269,139,130,719,332,117
43091,Mont,167,141,114,87,12,75,27,27,26
43092,Mont,11809,8455,6094,4452,1530,2922,1642,2361,3354
43093,Móra d'Ebre,5642,4677,3998,3475,2273,1202,523,679,965
43094,Móra la Nova,3071,2527,2134,1849,1138,711,285,393,544
43095,"Morell, El",3649,3171,2596,2333,1051,1282,263,575,478
43096,"Morera de Montsant, La",157,111,106,74,24,50,32,5,46
43097,"Nou de Gaià, La",570,511,447,352,187,165,95,64,59
43098,Nulles,477,438,401,319,101,218,82,37,39
43100,"Pallaresos, Els",4739,4521,3697,3351,473,2878,346,824,218
43099,"Palma d'Ebre, La",353,318,308,248,199,49,60,10,35
43101,Passanant i Belltall,150,139,137,89,72,17,48,2,11
43102,Paüls,561,535,520,497,306,191,23,15,26
43103,Perafort,1265,1156,987,886,261,625,101,169,109
43104,"Perelló, El",2863,2107,1994,1848,1385,463,146,113,756
43105,"Piles, Les",210,194,185,100,76,24,85,9,16
43106,"Pinell de Brai, El",998,925,885,827,572,255,58,40,73
43107,Pira,503,477,420,322,188,134,98,57,26
43108,"Pla de Santa Maria, El",2305,2132,1827,1418,881,537,409,305,173
43109,"Pobla de Mafumet, La",3893,3458,2821,2488,698,1790,333,637,435
43110,"Pobla de Massaluca, La",328,294,269,235,201,34,34,25,34
43111,"Pobla de Montornès, La",2828,2490,1958,1027,478,549,931,532,338
43112,Poboleda,335,295,270,210,148,62,60,25,40
43113,"Pont d'Armentera, El",512,458,390,301,179,122,89,68,54
43141,Pontils,114,108,89,40,20,20,49,19,6
43114,Porrera,441,411,370,306,183,123,64,41,30
43115,Pradell de la Teixeta,159,150,142,132,68,64,10,8,9
43116,Prades,589,525,478,378,178,200,100,47,64
43117,Prat de Comte,179,165,158,142,104,38,16,7,14
43118,Pratdip,709,481,432,345,167,178,87,49,228
43119,Puigpelat,1151,1059,886,743,140,603,143,173,92
43120,Querol,521,478,353,72,51,21,281,125,43
43121,Rasquera,787,684,657,616,430,186,41,27,103
43122,Renau,153,140,117,97,5,92,20,23,13
43123,Reus,103477,86302,67118,59771,49271,10500,7347,19184,17175
43124,"Riba, La",576,539,444,406,243,163,38,95,37
43125,Riba,1112,1015,827,686,505,181,141,188,97
43126,"Riera de Gaià, La",1701,1526,1313,1053,502,551,260,213,175
43127,Riudecanyes,1131,946,861,729,335,394,132,85,185
43128,Riudecols,1186,1065,920,858,263,595,62,145,121
43129,Riudoms,6565,5749,4981,4557,2039,2518,424,768,816
43130,Rocafort de Queralt,260,235,227,158,108,50,69,8,25
43131,Roda de Berà,6461,5527,4026,1798,1187,611,2228,1501,934
43132,Rodonyà,480,424,374,245,171,74,129,50,56
43133,Roquetes,7961,6690,6020,5684,1881,3803,336,670,1271
43134,"Rourell, El",384,337,301,267,86,181,34,36,47
43135,Salomó,564,437,393,309,212,97,84,44,127
43905,Salou,26775,16796,11079,8761,3149,5612,2318,5717,9979
43136,Sant Carles de la Ràpita,14611,12195,10700,9354,7459,1895,1346,1495,2416
43137,Sant Jaume dels Domenys,2551,2355,1953,994,666,328,959,402,196
43902,Sant Jaume d'Enveja,3481,3236,3081,2883,1205,1678,198,155,245
43138,Santa Bàrbara,3777,3201,2889,2626,1396,1230,263,312,576
43139,Santa Coloma de Queralt,2697,2434,2260,1532,1312,220,728,174,263
43140,Santa Oliva,3328,2983,2269,1204,552,652,1065,714,345
43142,Sarral,1544,1309,1148,947,672,275,201,161,235
43143,Savallà del Comtat,60,55,44,21,18,3,23,11,5
43144,"Secuita, La",1697,1522,1300,1134,366,768,166,222,175
43145,"Selva del Camp, La",5632,5222,4552,4048,1958,2090,504,670,410
43146,Senan,47,47,42,22,15,7,20,5,0
43044,"Sénia, La",5644,4774,3509,3188,1927,1261,321,1265,870
43147,Solivella,619,583,555,465,380,85,90,28,36
43148,Tarragona,132299,107696,78937,68940,58866,10074,9997,28759,24603
43149,Tivenys,882,757,733,696,331,365,37,24,125
43150,Tivissa,1639,1444,1376,1241,1008,233,135,68,195
43151,"Torre de Fontaubella, La",137,129,118,109,27,82,9,11,8
43152,"Torre de l'Espanyol, La",628,500,477,391,305,86,86,23,128
43153,Torredembarra,15992,12783,9711,5786,3612,2174,3925,3072,3209
43154,Torroja del Priorat,148,134,125,80,45,35,45,9,14
43155,Tortosa,33510,26998,23712,22168,19973,2195,1544,3286,6512
43156,Ulldecona,6240,4791,3999,3632,3018,614,367,792,1449
43157,Ulldemolins,402,380,362,305,146,159,57,18,22
43158,Vallclara,98,95,88,58,28,30,30,7,3
43159,Vallfogona de Riucorb,85,76,69,30,23,7,39,7,9
43160,Vallmoll,1738,1561,1260,1099,364,735,161,301,177
43161,Valls,24156,20513,16618,14359,8632,5727,2259,3895,3643
43162,Vandellòs i l'Hospitalet de l'Infant,6386,5293,3981,3106,1556,1550,875,1312,1093
43163,"Vendrell, El",37153,30673,23266,12199,9016,3183,11067,7407,6480
43164,Vespella de Gaià,410,357,275,116,40,76,159,82,53
43165,Vilabella,746,664,593,529,355,174,64,71,82
43175,Vilalba dels Arcs,635,617,594,543,366,177,51,23,18
43166,Vilallonga del Camp,2339,2078,1774,1555,682,873,219,304,261
43168,Vilanova de Prades,117,106,101,73,46,27,28,5,11
43167,Vilanova d'Escornalbou,549,475,447,375,184,191,72,28,74
43169,Vilaplana,579,513,479,438,176,262,41,34,66
43170,Vila,1253,1054,959,738,328,410,221,95,199
43171,Vila,22107,18258,12770,11154,4338,6816,1616,5488,3849
43172,Vilaverd,456,416,364,298,150,148,66,52,40
43173,"Vilella Alta, La",132,121,112,96,62,34,16,9,11
43174,"Vilella Baixa, La",202,176,162,111,44,67,51,14,26
43176,Vimbodí i Poblet,917,856,773,568,378,190,205,83,61
43177,Vinebre,432,348,311,258,166,92,53,37,84
43178,Vinyols i els Arcs,1974,1681,1402,1194,418,776,208,279,293
43052,Xerta,1170,1077,994,867,548,319,127,83,93
25001,Abella de la Conca,181,161,154,105,57,48,49,7,20
25002,Àger,611,530,483,369,217,152,114,47,81
25003,Agramunt,5393,4480,3980,3500,2186,1314,480,500,913
25038,Aitona,2545,1828,1616,1511,795,716,105,212,717
25004,"Alamús, Els",796,672,603,577,271,306,26,69,124
25005,Alàs i Cerc,342,310,274,238,86,152,36,36,32
25006,"Albagés, L'",375,367,327,283,189,94,44,40,8
25007,Albatàrrec,2335,1776,1576,1466,314,1152,110,200,559
25008,Albesa,1576,1323,1273,1232,755,477,41,50,253
25009,"Albi, L'",762,709,661,521,399,122,140,48,53
25010,Alcanó,232,229,222,213,79,134,9,7,3
25011,Alcarràs,9422,6782,5973,5590,3109,2481,383,809,2640
25012,Alcoletge,3419,2933,2562,2333,789,1544,229,371,486
25013,Alfarràs,2822,2491,1912,1766,1054,712,146,579,331
25014,Alfés,313,284,273,255,129,126,18,11,29
25015,Algerri,399,380,354,318,218,100,36,26,19
25016,Alguaire,2937,2497,2178,2054,1255,799,124,319,440
25017,Alins,290,265,256,207,146,61,49,9,25
25019,Almacelles,6789,5477,4519,4212,2277,1935,307,958,1312
25020,Almatret,314,285,265,250,185,65,15,20,29
25021,Almenar,3453,3010,2609,2481,1603,878,128,401,443
25022,Alòs de Balaguer,131,120,106,63,43,20,43,14,11
25023,Alpicat,6230,5733,5030,4509,966,3543,521,703,497
25024,Alt Àneu,406,385,367,259,147,112,108,18,21
25027,Anglesola,1328,1173,1118,976,627,349,142,55,155
25029,Arbeca,2162,1881,1808,1591,1069,522,217,73,281
25031,Arres,63,56,53,27,10,17,26,3,7
25032,Arsèguel,85,83,74,40,17,23,34,9,2
25033,Artesa de Lleida,1538,1347,1232,1145,575,570,87,115,191
25034,Artesa de Segre,3447,2702,2547,2266,1607,659,281,155,745
25036,Aspa,217,208,194,184,109,75,10,14,9
25037,"Avellanes i Santa Linya, Les",455,417,387,333,212,121,54,30,38
25039,Baix Pallars,330,297,272,192,114,78,80,25,33
25040,Balaguer,16841,13080,11207,10290,6105,4185,917,1873,3761
25041,Barbens,939,661,612,557,340,217,55,49,278
25042,"Baronia de Rialb, La",231,219,206,182,108,74,24,13,12
25044,Bassella,231,203,198,173,105,68,25,5,28
25045,Bausen,64,56,47,31,23,8,16,9,8
25046,Belianes,525,475,465,412,320,92,53,10,50
25170,Bellaguarda,301,290,275,235,138,97,40,15,11
25047,Bellcaire d'Urgell,1252,1154,1062,967,624,343,95,92,98
25048,Bell,2289,1992,1801,1666,995,671,135,191,297
25049,Bellmunt d'Urgell,193,186,174,146,100,46,28,12,7
25050,Bellpuig,5060,3945,3567,3150,2020,1130,417,378,1115
25051,Bellver de Cerdanya,1979,1782,1556,843,492,351,713,226,197
25052,Bellvís,2266,1885,1800,1687,1165,522,113,85,381
25053,Benavent de Segrià,1468,1324,1201,1119,330,789,82,123,144
25055,Biosca,181,174,159,135,89,46,24,15,7
25057,"Bòrdes, Es",266,243,202,137,60,77,65,41,23
25058,"Borges Blanques, Les",6002,5223,4730,4010,2694,1316,720,493,779
25059,Bossòst,1110,905,652,547,292,255,105,253,205
25056,Bovera,257,241,234,212,169,43,22,7,16
25060,Cabanabona,76,73,67,52,28,24,15,6,3
25061,Cabó,97,85,81,70,34,36,11,4,12
25062,Camarasa,842,800,736,607,381,226,129,64,42
25063,Canejan,84,75,71,59,38,21,12,4,9
25904,Castell de Mur,165,160,152,104,49,55,48,8,5
25064,Castellar de la Ribera,137,135,132,111,78,33,21,3,2
25067,Castelldans,931,796,726,664,416,248,62,70,135
25068,Castellnou de Seana,687,627,598,526,341,185,72,29,60
25069,Castelló de Farfanya,538,496,470,399,216,183,71,26,42
25070,Castellserà,1000,939,864,760,527,233,104,75,61
25071,Cava,46,45,41,23,13,10,18,4,1
25072,Cervera,9066,7193,6283,4891,3048,1843,1392,910,1873
25073,Cervià de les Garrigues,648,616,569,419,312,107,150,47,32
25074,Ciutadilla,206,199,189,140,93,47,49,10,7
25075,Clariana de Cardener,147,145,136,89,57,32,47,9,2
25076,"Cogul, El",161,151,140,133,71,62,7,11,10
25077,Coll de Nargó,549,478,449,364,206,158,85,29,71
25163,"Coma i la Pedra, La",265,254,235,114,90,24,121,19,11
25161,Conca de Dalt,428,397,371,256,182,74,115,26,31
25078,Corbins,1431,1243,1152,1084,638,446,68,91,188
25079,Cubells,358,313,293,241,152,89,52,20,45
25081,"Espluga Calba, L'",357,331,310,243,156,87,67,21,26
25082,Espot,352,326,292,225,118,107,67,34,26
25088,Estamariu,119,108,106,92,45,47,14,2,11
25085,Estaràs,160,159,154,96,68,28,58,5,1
25086,Esterri d'Àneu,756,573,515,379,138,241,136,58,183
25087,Esterri de Cardós,69,66,63,47,22,25,16,3,3
25089,Farrera,122,112,104,62,34,28,42,8,10
25908,Fígols i Alinyà,253,239,227,177,89,88,50,12,14
25092,"Floresta, La",154,144,133,106,66,40,27,11,10
25093,Fondarella,792,724,649,570,106,464,79,75,68
25094,Foradada,173,153,145,108,56,52,37,8,20
25096,"Fuliola, La",1217,1085,1011,918,582,336,93,74,132
25097,Fulleda,84,84,77,52,34,18,25,7,0
25098,Gavet de la Conca,274,259,237,197,77,120,40,22,15
25912,Gimenells i el Pla de la Font,1108,997,802,760,248,512,42,195,111
25099,Golmés,1864,1612,1484,1316,656,660,168,128,252
25100,Gósol,209,205,191,85,71,14,106,14,4
25101,"Granadella, La",728,632,605,525,379,146,80,27,96
25102,"Granja d'Escarp, La",956,771,668,631,487,144,37,103,185
25103,Granyanella,140,137,126,91,34,57,35,11,3
25105,Granyena de les Garrigues,144,126,121,97,46,51,24,5,18
25104,Granyena de Segarra,147,145,139,108,53,55,31,6,2
25109,Guimerà,270,238,226,176,139,37,50,12,32
25903,"Guingueta d'Àneu, La",298,260,240,167,90,77,73,20,38
25110,Guissona,7034,3757,3328,2797,1937,860,531,429,3277
25111,Guixers,138,130,126,75,43,32,51,4,8
25115,Isona i Conca Dellà,1028,917,868,726,368,358,142,49,111
25112,Ivars de Noguera,337,304,275,236,132,104,39,29,33
25113,Ivars d'Urgell,1557,1321,1233,1130,742,388,103,88,236
25114,Ivorra,104,100,96,81,60,21,15,4,4
25910,Josa i Tuixén,118,104,101,56,35,21,45,3,14
25118,Juncosa,393,361,333,295,134,161,38,28,32
25119,Juneda,3409,2730,2591,2403,1537,866,188,139,679
25121,Les,954,685,550,460,230,230,90,135,269
25122,Linyola,2660,2305,2114,1927,1375,552,187,191,355
25123,Lladorre,227,218,203,157,96,61,46,15,9
25124,Lladurs,179,176,169,133,75,58,36,7,3
25125,Llardecans,460,440,420,399,252,147,21,20,20
25126,Llavorsí,352,319,289,209,114,95,80,30,33
25120,Lleida,137856,109742,89120,81883,69993,11890,7237,20622,28114
25127,Lles de Cerdanya,255,243,233,157,90,67,76,10,12
25128,Llimiana,142,133,119,84,36,48,35,14,9
25129,Llobera,195,195,186,165,100,65,21,9,0
25133,Maials,931,785,757,706,435,271,51,28,146
25130,Maldà,225,216,204,160,123,37,44,12,9
25131,Massalcoreig,585,441,384,359,272,87,25,57,144
25132,Massoteres,232,185,172,118,59,59,54,13,47
25134,Menàrguens,801,677,630,573,372,201,57,47,124
25135,Miralcamp,1347,1237,1143,1070,631,439,73,94,110
25137,Mollerussa,14740,10801,9353,8348,4281,4067,1005,1448,3939
25136,"Molsosa, La",109,104,102,78,60,18,24,2,5
25139,Montellà i Martinet,554,507,449,263,126,137,186,58,47
25140,Montferrer i Castellbò,1074,892,778,587,178,409,191,114,182
25138,Montgai,635,614,584,518,328,190,66,30,21
25142,Montoliu de Lleida,469,410,389,376,216,160,13,21,59
25141,Montoliu de Segarra,190,176,168,97,64,33,71,8,14
25143,Montornès de Segarra,98,97,95,66,31,35,29,2,1
25145,Nalec,93,86,78,66,50,16,12,8,7
25025,Naut Aran,1790,1574,1178,895,470,425,283,396,216
25146,Navès,291,278,264,184,138,46,80,14,13
25148,Odèn,260,240,238,213,128,85,25,2,20
25149,Oliana,1787,1518,1364,1208,540,668,156,154,269
25150,Oliola,202,192,187,161,85,76,26,5,10
25151,Olius,961,919,849,651,253,398,198,70,42
25152,"Oluges, Les",172,163,158,118,75,43,40,5,9
25153,"Omellons, Els",212,210,199,153,120,33,46,11,2
25154,"Omells de na Gaia, Els",134,131,129,95,65,30,34,2,3
25155,Organyà,792,698,621,509,210,299,112,77,94
25156,Os de Balaguer,1009,964,870,788,373,415,82,94,45
25157,Ossó de Sió,205,196,183,140,80,60,43,13,9
25158,"Palau d'Anglesola, El",2163,1984,1848,1708,893,815,140,136,179
25164,Penelles,462,425,390,345,219,126,45,35,37
25165,Peramola,353,310,292,244,111,133,48,18,43
25166,Pinell de Solsonès,203,191,187,163,117,46,24,4,12
25167,Pinós,298,281,272,192,157,35,80,9,17
25911,"Plans de Sió, Els",507,469,446,314,184,130,132,23,38
25168,"Poal, El",626,571,532,496,343,153,36,39,55
25169,"Pobla de Cérvoles, La",191,184,160,98,76,22,62,24,7
25171,"Pobla de Segur, La",2939,2444,2110,1708,1015,693,402,334,495
25030,"Pont de Bar, El",171,153,146,103,44,59,43,7,18
25173,"Pont de Suert, El",2216,1902,1421,1154,775,379,267,481,314
25172,Ponts,2604,2094,1919,1705,1011,694,214,175,510
25174,"Portella, La",703,460,424,402,148,254,22,36,243
25175,Prats i Sansor,231,210,194,78,51,27,116,16,21
25176,Preixana,385,362,349,295,204,91,54,13,23
25177,Preixens,428,407,373,307,183,124,66,34,21
25179,Prullans,224,197,183,115,68,47,68,14,27
25180,Puiggròs,272,262,245,201,110,91,44,17,10
25181,Puigverd d'Agramunt,231,191,180,161,99,62,19,11,40
25182,Puigverd de Lleida,1363,1255,1105,1018,467,551,87,150,108
25183,Rialp,663,601,528,342,179,163,186,73,62
25905,Ribera d'Ondara,422,409,384,241,166,75,143,25,13
25185,Ribera d'Urgellet,923,753,677,513,185,328,164,76,170
25186,Riner,261,242,236,174,123,51,62,6,19
25913,Riu de Cerdanya,94,93,85,21,8,13,64,8,1
25189,Rosselló,3130,2698,2305,2123,701,1422,182,393,432
25190,Salàs de Pallars,324,283,260,171,81,90,89,23,41
25191,Sanaüja,393,369,351,274,187,87,77,18,24
25196,Sant Esteve de la Sarga,129,115,96,78,37,41,18,19,14
25192,Sant Guim de Freixenet,1040,861,795,544,403,141,251,66,179
25197,Sant Guim de la Plana,177,154,148,115,77,38,33,6,23
25193,Sant Llorenç de Morunys,934,847,790,554,377,177,236,57,87
25902,Sant Martí de Riucorb,648,616,585,481,317,164,104,31,32
25194,Sant Ramon,495,467,439,358,274,84,81,28,28
25201,Sarroca de Bellera,120,113,111,95,40,55,16,2,7
25200,Sarroca de Lleida,361,354,343,320,186,134,23,11,7
25202,Senterada,139,117,107,65,27,38,42,10,22
25035,"Sentiu de Sió, La",427,415,377,348,125,223,29,38,12
25204,Seròs,1889,1431,1282,1201,731,470,81,149,458
25203,"Seu d'Urgell, La",12041,9449,7586,6117,4648,1469,1469,1863,2592
25205,Sidamon,733,689,610,541,256,285,69,79,44
25206,"Soleràs, El",328,295,285,262,159,103,23,10,33
25207,Solsona,9014,7517,6742,5497,4180,1317,1245,775,1497
25208,Soriguera,399,387,359,219,98,121,140,28,12
25209,Sort,2164,1809,1617,1168,619,549,449,192,355
25210,Soses,1764,1359,1249,1202,724,478,47,110,405
25211,Sudanell,851,783,712,665,397,268,47,71,68
25212,Sunyer,355,256,246,235,146,89,11,10,99
25215,Talarn,651,595,303,213,79,134,90,292,56
25216,Talavera,247,241,233,143,100,43,90,8,6
25217,Tàrrega,16795,13169,11738,9768,6092,3676,1970,1431,3626
25218,Tarrés,99,97,93,72,52,20,21,4,2
25219,Tarroja de Segarra,183,166,159,121,82,39,38,7,17
25220,Térmens,1383,1178,1083,1020,678,342,63,95,205
25221,Tírvia,134,130,113,82,50,32,31,17,4
25222,Tiurana,74,71,67,57,30,27,10,4,3
25223,Torà,1244,1068,991,754,516,238,237,77,176
25224,"Torms, Els",151,142,140,126,77,49,14,2,9
25225,Tornabous,879,663,622,542,371,171,80,41,216
25227,"Torre de Cabdella, La",747,702,674,498,250,248,176,28,45
25226,Torrebesses,289,279,267,241,113,128,26,12,10
25228,Torrefarrera,4630,4082,3630,3295,525,2770,335,452,548
25907,Torrefeta i Florejacs,590,554,528,400,259,141,128,26,36
25230,Torregrossa,2190,1847,1771,1685,1024,661,86,76,343
25231,Torrelameu,742,584,559,527,321,206,32,25,158
25232,Torres de Segre,2307,1603,1448,1354,799,555,94,155,704
25233,Torre,386,325,289,270,89,181,19,36,61
25234,Tremp,5824,4787,4113,3438,2413,1025,675,674,1037
25043,"Vall de Boí, La",1022,915,801,615,422,193,186,114,107
25901,Vall de Cardós,372,315,292,207,115,92,85,23,57
25238,Vallbona de les Monges,234,219,208,126,85,41,82,11,15
25240,Vallfogona de Balaguer,1884,1700,1522,1396,660,736,126,178,184
25906,"Valls d'Aguilar, Les",272,224,208,166,64,102,42,16,48
25239,"Valls de Valira, Les",803,642,550,423,116,307,127,92,161
25909,"Vansa i Fórnols, La",168,152,138,87,29,58,51,14,16
25242,Verdú,905,792,732,574,312,262,158,60,113
25243,Vielha e Mijaran,5493,4142,2912,2262,1653,609,650,1230,1351
25244,Vilagrassa,510,438,387,323,134,189,64,51,72
25245,Vilaller,536,476,363,303,174,129,60,113,60
25247,Vilamòs,159,144,103,55,26,29,48,41,15
25248,Vilanova de Bellpuig,1170,1067,1025,945,660,285,80,42,103
25254,Vilanova de la Barca,1039,841,762,724,337,387,38,79,198
25249,Vilanova de l'Aguda,202,198,191,172,118,54,19,7,4
25250,Vilanova de Meià,395,369,351,282,180,102,69,18,26
25251,Vilanova de Segrià,945,832,750,689,205,484,61,82,113
25252,Vila,717,665,613,560,269,291,53,52,52
25253,"Vilosell, El",168,158,145,92,63,29,53,13,10
25255,Vinaixa,482,455,407,311,242,69,96,48,27
